42
1764
74088
3111696
130691232
5489031744
230539333248
9682651996416
406671383849472
17080198121677824
717368321110468608
30129469486639681536
1265437718438866624512
53148384174432398229504
2232232135326160725639168
93753749683698750476845056
3937657486715347520027492352
165381614442044595841154678784
1
999999999999999999999999999999
775733994164291573638724187271
766203269243180754918404464216
297117993971964892061321992884
434842791653175779888671142271
166694359499656281966828823013
432585235641526921638686046354
322580167670948805604817482645
750705787546674617393764113578
117463442376469833703207584984
672935724974682775001712046678
763683489841417472027090720691
409624987185585212273630589556
733855692321677990191077067423
301081554252549267788335477422
389431051341924430273682655569
204065729569020872558019218614
505788290082483156701452387121
456560600621103958614400080392
100091162178587948641578219701
46349664060631194973865357790
469336857218219232008712696091
418421252509576969653434832010
646985412273029480651956448357
14917232882565340009198979366
240324744916774543621008313101
155285945178705463545244599700
227732740866651788283968361278
609166087809238557987248223980
810663493745037855271325819986
392804137663766420431832461682
946745145275872172097987095833
930417722269637315862064546125
269299167622541744946115524978
240818349295392210564660544778
149668384233385966174086710956
728940671445075223703742687921
231330042219713329736110059141
599114670659747735833853623367
164759861344952219235301774628
681702916768275515651799171865
683210627311653105781327414257
153459870875846488944174421537
972787575693245268788328347096
946227067328995455184349350379
384839743322009711380039724648
370799838919930569642790474897
830109798705637012775708139237
616644906774262020415800683977
47886816565321408289490954648
2488947530727150275791716695
682922273364398225711804155698
660137437351913443481628639001
197075727458701049623007120853
138606804119682194166265761878
660982561128522940647385217623
973463591512312479586786926554
63656576769357149147846183885
336884031553733519950469209356
243526202646070999026383096277
962387710655633572114031043731
869494820245967360973494557365
963673415189815424902593359559
621479862359399063147966880521
931151983604733330789937499381
317905592500935514401238745182
432561459036051289443933269368
623005157067908299526157687503
321468082678488647155582294501
438177430890930993384109669124
181574529592001969652124925209
253952093051939182306918632808
945773077759631386621126565009
472398331327580620726361401089
599768567435228088352255693187
340907686076126643499285950452
315039540059338444512711154168
973184960886536961485871117225
857449113953701161560685212739
289770669406031006303333248235
525451747358013466400226924435
252880377436373370031244505655
86930553414273619269817020660
467006190600716157956321084401
172264397151537225833814107424
364132500312808386599531646901
231605000734175209189258493121
13310027654635086304921616687
330304968538165787452317343
833687808700265076210290282452
43794589590007856744178965727
833783503728194678377918236974
560563481310798252920806263657
972552637494172496723381410387
4717959739882452603633209437
256226214298559778010926142655
923309492664638542714388905180
62493429302289176592517012287
186616468682770554239177859123
488375662989708750428207299025
290188378900367537702422646726
42
17283940536172938433
17283940536172938432
10000000000000000000
0
